0	54.98181819
0.01	1499.967573
0.02	2944.953327
0.03	4389.939082
0.04	5834.924836
0.05	7279.910593
0.06	8724.896345
0.07	10169.8821
0.08	11614.86785
0.09	13059.85361
0.1	14504.83936
0.11	15949.82512
0.12	17394.81087
0.13	18839.79663
0.14	20284.78239
0.15	21729.76814
0.16	23174.75389
0.17	24619.73965
0.18	26064.7254
0.19	27509.71115
0.2	28954.69691
0.21	30399.68267
0.22	31844.66842
0.23	33289.65418
0.24	34734.63993
0.25	36179.62569
0.26	37624.61144
0.27	39069.59719
0.28	40514.58295
0.29	41959.5687
0.3	43404.55445
0.31	44849.54021
0.32	46294.52596
0.33	47739.51172
0.34	49184.49747
0.35	50629.48323
0.36	52074.46899
0.37	53519.45474
0.38	54964.44049
0.39	56409.42626
0.4	57854.412
0.41	59299.39775
0.42	60744.38353
0.43	62189.36928
0.44	63634.35502
0.45	65079.34076
0.46	66524.32656
0.47	67969.31229
0.48	69414.29804
0.49	70859.28378
0.5	72304.26957
0.51	73749.25532
0.52	75194.24105
0.53	76639.2268
0.54	78084.21259
0.55	79529.19833
0.56	80974.18407
0.57	82419.16981
0.58	83864.15561
0.59	85309.14135
0.6	86754.12709
0.61	88199.11284
0.62	89644.0986
0.63	91089.08436
0.64	92534.07013
0.65	93979.05589
0.66	95424.04165
0.67	96869.02741
0.68	98314.01309
0.69	99758.99885
0.7	101203.9847
0.71	102648.9704
0.72	104093.9561
0.73	105538.9419
0.74	106983.9277
0.75	108428.9134
0.76	109873.8992
0.77	111318.8849
0.78	112763.8707
0.79	114208.8565
0.8	115653.8422
0.81	117098.8279
0.82	118543.8137
0.83	119988.7994
0.84	121433.7852
0.85	122878.771
0.86	124323.7567
0.87	125768.7425
0.88	127213.7283
0.89	128658.7139
0.9	130103.6998
0.91	131548.6855
0.92	132993.6712
0.93	134438.657
0.94	135883.6427
0.95	137328.6285
0.96	138773.6143
0.97	140218.6
0.98	141663.5858
0.99	143108.5716
1	144553.5573
1.01	145998.543
1.02	147443.5288
1.03	148888.5145
1.04	150333.5003
1.05	151778.486
1.06	153223.4718
1.07	154668.4576
1.08	156113.4433
1.09	157558.4291
1.1	159003.4149
1.11	160448.4006
1.12	161893.3863
1.13	163338.3721
1.14	164783.3579
1.15	166228.3436
1.16	167673.3293
1.17	169118.3151
1.18	170563.3009
1.19	172008.2866
1.2	173453.2724
1.21	174898.2581
1.22	176343.2439
1.23	177788.2297
1.24	179233.2154
1.25	180678.2011
1.26	182123.1869
1.27	183568.1726
1.28	185013.1584
1.29	186458.1442
1.3	187903.1299
1.31	189348.1157
1.32	190793.1015
1.33	192238.0871
1.34	193683.073
1.35	195128.0587
1.36	196573.0444
1.37	198018.0302
1.38	199463.0159
1.39	200908.0017
1.4	202352.9875
1.41	203797.9732
1.42	205242.959
1.43	206687.9448
1.44	208132.9305
1.45	209577.9162
1.46	211022.902
1.47	212467.8877
1.48	213912.8735
1.49	215357.8592
1.5	216802.845
1.51	218247.8308
1.52	219692.8165
1.53	221137.8023
1.54	222582.7881
1.55	224027.7738
1.56	225472.7595
1.57	226917.7453
1.58	228362.7311
1.59	229807.7168
1.6	231252.7025
1.61	232697.6883
1.62	234142.6741
1.63	235587.6598
1.64	237032.6456
1.65	238477.6313
1.66	239922.6171
1.67	241367.6029
1.68	242812.5886
1.69	244257.5743
1.7	245702.5601
1.71	247147.5458
1.72	248592.5316
1.73	250037.5174
1.74	251482.5031
1.75	252927.4889
1.76	254372.4747
1.77	255817.4603
1.78	257262.4462
1.79	258707.4319
1.8	260152.4176
1.81	261597.4034
1.82	263042.3891
1.83	264487.3749
1.84	265932.3607
1.85	267377.3464
1.86	268822.3322
1.87	270267.318
1.88	271712.3037
1.89	273157.2894
1.9	274602.2752
1.91	276047.2609
1.92	277492.2467
1.93	278937.2324
1.94	280382.2182
1.95	281827.204
1.96	283272.1897
1.97	284717.1755
1.98	286162.1613
1.99	287607.147
2	289052.1327
2.01	281102.1628
2.02	270561.0027
2.03	258978.3382
2.04	247444.47
2.05	234661.3118
2.06	221501.5855
2.07	206329.5819
2.08	191512.2682
2.09	174951.9164
2.1	156748.5819
2.11	138125.0373
2.12	120289.1073
2.13	99429.40639
2.14	78772.85183
2.15	56196.63002
2.16	34485.45545
2.17	16280.46
2.18	2737.120909
2.19	-4539.78
2.2	-9624.452731
2.21	-12640.95
2.22	-11608.09364
2.23	-9790.486361
2.24	-2832.308182
2.25	8155.979998
2.26	18961.62545
2.27	26761.02545
2.28	30493.54636
2.29	32820.07909
2.3	33419.83909
2.31	33034.68
2.32	31516.32273
2.33	27639.76091
2.34	22833.26182
2.35	17111.65909
2.36	11784.03545
2.37	7771.508182
2.38	4552.494545
2.39	1705.868182
2.4	-645.4636362
2.41	-2058.21
2.42	-2841.414545
2.43	-1962.392728
2.44	-377.4845455
2.45	636.987273
2.46	1528.838182
2.47	1536.741819
2.48	694.6609091
2.49	662.8172725
2.5	662.7600002
2.51	662.0727275
2.52	1485.597273
2.53	1854.09
2.54	2616.561818
2.55	3286.423636
2.56	3286.595455
2.57	3286.595455
2.58	3303.376364
2.59	2848.917273
2.6	3075.316364
2.61	3271.933636
2.62	4154.85
2.63	4995.384545
2.64	5915.986362
2.65	6787.734547
2.66	7257.084545
2.67	7650.949093
2.68	8545.778183
2.69	8664.447273
2.7	6783.983182
2.71	4903.519091
2.72	4420.366364
2.73	4829.007273
2.74	6210.99818
2.75	13848.43091
2.76	30268.40728
2.77	51423.75
2.78	77787.76091
2.79	105097.6309
2.8	133438.5818
2.81	167670.8919
2.82	203713.7073
2.83	237404.2172
2.84	263536.7318
2.85	276638.9564
2.86	284108.9236
2.87	288916.6255
2.88	292626.9245
2.89	293455.0882
2.9	289052.1327
2.91	281102.1628
2.92	270561.0027
2.93	258978.3382
2.94	247444.47
2.95	234661.3118
2.96	221501.5855
2.97	206329.5819
2.98	191512.2682
2.99	174951.9164
3	156748.5819
3.01	138125.0373
3.02	120289.1073
3.03	99429.40639
3.04	78772.85183
3.05	56196.63002
3.06	34485.45545
3.07	16280.46
3.08	2737.120909
3.09	-4539.78
3.1	-9624.452731
3.11	-12640.95
3.12	-11608.09364
3.13	-9790.486361
3.14	-2832.308182
3.15	8155.979998
3.16	18961.62545
3.17	26761.02545
3.18	30493.54636
3.19	32820.07909
3.2	33419.83909
3.21	33034.68
3.22	31516.32273
3.23	27639.76091
3.24	22833.26182
3.25	17111.65909
3.26	11784.03545
3.27	7771.508182
3.28	4552.494545
3.29	1705.868182
3.3	-645.4636362
3.31	-2058.21
3.32	-2841.414545
3.33	-1962.392728
3.34	-377.4845455
3.35	636.987273
3.36	1528.838182
3.37	1536.741819
3.38	694.6609091
3.39	662.8172725
3.4	662.7600002
3.41	662.0727275
3.42	1485.597273
3.43	1854.09
3.44	2616.561818
3.45	3286.423636
3.46	3286.595455
3.47	3286.595455
3.48	3303.376364
3.49	2848.917273
3.5	3075.316364
3.51	3271.933636
3.52	4154.85
3.53	4995.384545
3.54	5915.986362
3.55	6787.734547
3.56	7257.084545
3.57	7650.949093
3.58	8545.778183
3.59	8664.447273
3.6	6783.983182
3.61	4903.519091
3.62	4420.366364
3.63	4829.007273
3.64	6210.99818
3.65	13848.43091
3.66	30268.40728
3.67	51423.75
3.68	77787.76091
3.69	105097.6309
3.7	133438.5818
3.71	167670.8919
3.72	203713.7073
3.73	237404.2172
3.74	263536.7318
3.75	276638.9564
3.76	284108.9236
3.77	288916.6255
3.78	292626.9245
3.79	293455.0882
3.8	289052.1327
3.81	281102.1628
3.82	270561.0027
3.83	258978.3382
3.84	247444.47
3.85	234661.3118
3.86	221501.5855
3.87	206329.5819
3.88	191512.2682
3.89	174951.9164
3.9	156748.5819
3.91	138125.0373
3.92	120289.1073
3.93	99429.40639
3.94	78772.85183
3.95	56196.63002
3.96	34485.45545
3.97	16280.46
3.98	2737.120909
3.99	-4539.78
4	-9624.452731
4.01	-12640.95
4.02	-11608.09364
4.03	-9790.486361
4.04	-2832.308182
4.05	8155.979998
4.06	18961.62545
4.07	26761.02545
4.08	30493.54636
4.09	32820.07909
4.1	33419.83909
4.11	33034.68
4.12	31516.32273
4.13	27639.76091
4.14	22833.26182
4.15	17111.65909
4.16	11784.03545
4.17	7771.508182
4.18	4552.494545
4.19	1705.868182
4.2	-645.4636362
4.21	-2058.21
4.22	-2841.414545
4.23	-1962.392728
4.24	-377.4845455
4.25	636.987273
4.26	1528.838182
4.27	1536.741819
4.28	694.6609091
4.29	662.8172725
4.3	662.7600002
4.31	662.0727275
4.32	1485.597273
4.33	1854.09
4.34	2616.561818
4.35	3286.423636
4.36	3286.595455
4.37	3286.595455
4.38	3303.376364
4.39	2848.917273
4.4	3075.316364
4.41	3271.933636
4.42	4154.85
4.43	4995.384545
4.44	5915.986362
4.45	6787.734547
4.46	7257.084545
4.47	7650.949093
4.48	8545.778183
4.49	8664.447273
4.5	6783.983182
4.51	4903.519091
4.52	4420.366364
4.53	4829.007273
4.54	6210.99818
4.55	13848.43091
4.56	30268.40728
4.57	51423.75
4.58	77787.76091
4.59	105097.6309
4.6	133438.5818
4.61	167670.8919
4.62	203713.7073
4.63	237404.2172
4.64	263536.7318
4.65	276638.9564
4.66	284108.9236
4.67	288916.6255
4.68	292626.9245
4.69	293455.0882
4.7	289052.1327
4.71	281102.1628
4.72	270561.0027
4.73	258978.3382
4.74	247444.47
4.75	234661.3118
4.76	221501.5855
4.77	206329.5819
4.78	191512.2682
4.79	174951.9164
4.8	156748.5819
4.81	138125.0373
4.82	120289.1073
4.83	99429.40639
4.84	78772.85183
4.85	56196.63002
4.86	34485.45545
4.87	16280.46
4.88	2737.120909
4.89	-4539.78
4.9	-9624.452731
4.91	-12640.95
4.92	-11608.09364
4.93	-9790.486361
4.94	-2832.308182
4.95	8155.979998
4.96	18961.62545
4.97	26761.02545
4.98	30493.54636
4.99	32820.07909
5	33419.83909
5.01	33034.68
5.02	31516.32273
5.03	27639.76091
5.04	22833.26182
5.05	17111.65909
5.06	11784.03545
5.07	7771.508182
5.08	4552.494545
5.09	1705.868182
5.1	-645.4636362
5.11	-2058.21
5.12	-2841.414545
5.13	-1962.392728
5.14	-377.4845455
5.15	636.987273
5.16	1528.838182
5.17	1536.741819
5.18	694.6609091
5.19	662.8172725
5.2	662.7600002
5.21	662.0727275
5.22	1485.597273
5.23	1854.09
5.24	2616.561818
5.25	3286.423636
5.26	3286.595455
5.27	3286.595455
5.28	3303.376364
5.29	2848.917273
5.3	3075.316364
5.31	3271.933636
5.32	4154.85
5.33	4995.384545
5.34	5915.986362
5.35	6787.734547
5.36	7257.084545
5.37	7650.949093
5.38	8545.778183
5.39	8664.447273
5.4	6783.983182
