0	100
0.016	221.5578985
0.032	343.115797
0.048	464.6736955
0.064	586.231594
0.08	707.7894925
0.096	829.347391
0.112	950.9052895
0.128	1072.463188
0.144	1194.021087
0.16	1315.578985
0.176	1437.136884
0.1868	1519.188465
0.2017	1632.389258
0.224	1801.810579
0.24	1923.368478
0.256	2044.926376
0.272	2166.484275
0.288	2288.042173
0.2998	2377.691123
0.32	2531.15797
0.336	2652.715869
0.352	2774.273767
0.368	2895.831666
0.384	3017.389564
0.4	3138.947463
0.416	3260.505361
0.432	3382.06326
0.448	3503.621158
0.464	3625.179057
0.48	3746.736955
0.496	3868.294854
0.512	3989.852752
0.528	4111.410651
0.544	4232.968549
0.56	4354.526448
0.576	4476.084346
0.592	4597.642245
0.608	4719.200143
0.624	4840.758042
0.64	4962.31594
0.656	5083.873839
0.672	5205.431737
0.688	5326.989636
0.704	5448.547534
0.72	5570.105433
0.736	5691.663331
0.752	5813.22123
0.768	5934.779128
0.784	6056.337027
0.8	6177.894925
0.816	6299.452824
0.832	6421.010722
0.848	6542.568621
0.864	6664.126519
0.88	6785.684418
0.896	6907.242316
0.9	6937.631791
0.916	7059.189689
0.932	7180.747588
0.948	7302.305486
0.964	7423.863385
0.98	7545.421283
0.996	7666.979182
1.012	7788.53708
1.028	7910.094979
1.044	8031.652877
1.06	8153.210776
1.076	8274.768674
1.0868	8356.820256
1.1017	8470.021049
1.124	8639.44237
1.14	8761.000268
1.156	8882.558167
1.172	9004.116065
1.188	9125.673964
1.1998	9215.322914
1.22	9368.789761
1.236	9490.347659
1.252	9611.905558
1.268	9733.463456
1.284	9855.021355
1.3	9976.579253
1.316	10098.13715
1.332	10219.69505
1.348	10341.25295
1.364	10462.81085
1.38	10584.36875
1.396	10705.92664
1.412	10827.48454
1.428	10949.04244
1.444	11070.60034
1.46	11192.15824
1.476	11313.71614
1.492	11435.27404
1.508	11556.83193
1.524	11678.38983
1.54	11799.94773
1.556	11921.50563
1.572	12043.06353
1.588	12164.62143
1.604	12286.17932
1.62	12407.73722
1.636	12529.29512
1.652	12650.85302
1.668	12772.41092
1.684	12893.96882
1.7	13015.52672
1.716	13137.08461
1.732	13258.64251
1.748	13380.20041
1.764	13501.75831
1.78	13623.31621
1.796	13744.87411
1.8	13775.26358
1.816	13896.82148
1.832	14018.37938
1.848	14139.93728
1.864	14261.49518
1.88	14383.05307
1.896	14504.61097
1.912	14626.16887
1.928	14747.72677
1.944	14869.28467
1.96	14990.84257
1.976	15112.40046
1.9868	15194.45205
2.0017	15307.65284
2.024	15477.07416
2.04	15598.63206
2.056	15720.18996
2.072	15841.74786
2.088	15963.30575
2.0998	16052.9547
2.12	16206.42155
2.136	16327.97945
2.152	16254.37216
2.168	16105.99768
2.184	15840.33949
2.2	15427.50672
2.216	14998.44861
2.232	14610.97376
2.248	14247.49693
2.264	13926.24331
2.28	13713.72742
2.296	13625.77464
2.312	13577.9919
2.328	13478.06677
2.344	13372.43544
2.36	13247.5257
2.376	13064.28741
2.392	12849.63836
2.408	12613.45775
2.424	12382.81002
2.44	12135.23035
2.456	11908.47563
2.472	11697.53295
2.488	11534.1997
2.504	11335.66933
2.52	11163.9101
2.536	10973.69905
2.552	10795.24703
2.568	10624.32773
2.584	10466.28737
2.6	10311.91338
2.616	10150.08667
2.632	9982.100458
2.648	9828.766381
2.664	9702.043451
2.68	9561.201681
2.696	9432.105613
2.7	9109.9054
2.716	8846.007066
2.732	8696.499341
2.748	8582.015407
2.764	8403.61672
2.78	8288.692822
2.796	8340.301918
2.812	8589.374803
2.828	8915.521359
2.844	9466.102822
2.86	10275.00974
2.876	11250.63631
2.8868	12031.26555
2.9017	12783.93709
2.924	13922.69693
2.94	14533.12681
2.956	15081.84176
2.972	15551.81651
2.988	15880.17622
2.9998	16120.66314
3.02	16334.08562
3.036	16327.97945
3.052	16254.37216
3.068	16105.99768
3.084	15840.33949
3.1	15427.50672
3.116	14998.44861
3.132	14610.97376
3.148	14247.49693
3.164	13926.24331
3.18	13713.72742
3.196	13625.77464
3.212	13577.9919
3.228	13478.06677
3.244	13372.43544
3.26	13247.5257
3.276	13064.28741
3.292	12849.63836
3.308	12613.45775
3.324	12382.81002
3.34	12135.23035
3.356	11908.47563
3.372	11697.53295
3.388	11534.1997
3.404	11335.66933
3.42	11163.9101
3.436	10973.69905
3.452	10795.24703
3.468	10624.32773
3.484	10466.28737
3.5	10311.91338
3.516	10150.08667
3.532	9982.100458
3.548	9828.766381
3.564	9702.043451
3.58	9561.201681
3.596	9432.105613
3.6	9109.9054
3.616	8846.007066
3.632	8696.499341
3.648	8582.015407
3.664	8403.61672
3.68	8288.692822
3.696	8340.301918
3.712	8589.374803
3.728	8915.521359
3.744	9466.102822
3.76	10275.00974
3.776	11250.63631
3.7868	12031.26555
3.8017	12783.93709
3.824	13922.69693
3.84	14533.12681
3.856	15081.84176
3.872	15551.81651
3.888	15880.17622
3.8998	16120.66314
3.92	16334.08562
3.936	16327.97945
3.952	16254.37216
3.968	16105.99768
3.984	15840.33949
4	15427.50672
4.016	14998.44861
4.032	14610.97376
4.048	14247.49693
4.064	13926.24331
4.08	13713.72742
4.096	13625.77464
4.112	13577.9919
4.128	13478.06677
4.144	13372.43544
4.16	13247.5257
4.176	13064.28741
4.192	12849.63836
4.208	12613.45775
4.224	12382.81002
4.24	12135.23035
4.256	11908.47563
4.272	11697.53295
4.288	11534.1997
4.304	11335.66933
4.32	11163.9101
4.336	10973.69905
4.352	10795.24703
4.368	10624.32773
4.384	10466.28737
4.4	10311.91338
4.416	10150.08667
4.432	9982.100458
4.448	9828.766381
4.464	9702.043451
4.48	9561.201681
4.496	9432.105613
4.5	9109.9054
4.516	8846.007066
4.532	8696.499341
4.548	8582.015407
4.564	8403.61672
4.58	8288.692822
4.596	8340.301918
4.612	8589.374803
4.628	8915.521359
4.644	9466.102822
4.66	10275.00974
4.676	11250.63631
4.6868	12031.26555
4.7017	12783.93709
4.724	13922.69693
4.74	14533.12681
4.756	15081.84176
4.772	15551.81651
4.788	15880.17622
4.7998	16120.66314
4.82	16334.08562
4.836	16327.97945
4.852	16254.37216
4.868	16105.99768
4.884	15840.33949
4.9	15427.50672
4.916	14998.44861
4.932	14610.97376
4.948	14247.49693
4.964	13926.24331
4.98	13713.72742
4.996	13625.77464
5.012	13577.9919
5.028	13478.06677
5.044	13372.43544
5.06	13247.5257
5.076	13064.28741
5.092	12849.63836
5.108	12613.45775
5.124	12382.81002
5.14	12135.23035
5.156	11908.47563
5.172	11697.53295
5.188	11534.1997
5.204	11335.66933
5.22	11163.9101
5.236	10973.69905
5.252	10795.24703
5.268	10624.32773
5.284	10466.28737
5.3	10311.91338
5.316	10150.08667
5.332	9982.100458
5.348	9828.766381
5.364	9702.043451
5.38	9561.201681
5.396	9432.105613
5.4	9109.9054