0	62.83636364
0.01	1714.248655
0.02	3365.660945
0.03	5017.073236
0.04	6668.485527
0.05	8319.897821
0.06	9971.310109
0.07	11622.7224
0.08	13274.13469
0.09	14925.54698
0.1	16576.95927
0.11	18228.37157
0.12	19879.78385
0.13	21531.19615
0.14	23182.60844
0.15	24834.02073
0.16	26485.43302
0.17	28136.84531
0.18	29788.2576
0.19	31439.66989
0.2	33091.08218
0.21	34742.49448
0.22	36393.90676
0.23	38045.31906
0.24	39696.73135
0.25	41348.14364
0.26	42999.55593
0.27	44650.96822
0.28	46302.38051
0.29	47953.7928
0.3	49605.20509
0.31	51256.61738
0.32	52908.02967
0.33	54559.44197
0.34	56210.85425
0.35	57862.26655
0.36	59513.67884
0.37	61165.09113
0.38	62816.50342
0.39	64467.91572
0.4	66119.328
0.41	67770.74028
0.42	69422.15261
0.43	71073.56489
0.44	72724.97716
0.45	74376.38944
0.46	76027.80178
0.47	77679.21405
0.48	79330.62633
0.49	80982.0386
0.5	82633.45094
0.51	84284.86322
0.52	85936.27549
0.53	87587.68777
0.54	89239.1001
0.55	90890.51238
0.56	92541.92465
0.57	94193.33693
0.58	95844.74927
0.59	97496.16154
0.6	99147.57382
0.61	100798.9861
0.62	102450.3984
0.63	104101.8107
0.64	105753.223
0.65	107404.6353
0.66	109056.0476
0.67	110707.4599
0.68	112358.8721
0.69	114010.2844
0.7	115661.6968
0.71	117313.109
0.72	118964.5213
0.73	120615.9336
0.74	122267.3459
0.75	123918.7582
0.76	125570.1705
0.77	127221.5827
0.78	128872.9951
0.79	130524.4074
0.8	132175.8196
0.81	133827.2319
0.82	135478.6442
0.83	137130.0565
0.84	138781.4688
0.85	140432.8811
0.86	142084.2934
0.87	143735.7057
0.88	145387.118
0.89	147038.5302
0.9	148689.9426
0.91	150341.3549
0.92	151992.7671
0.93	153644.1794
0.94	155295.5917
0.95	156947.004
0.96	158598.4163
0.97	160249.8286
0.98	161901.2409
0.99	163552.6532
1	165204.0655
1.01	166855.4777
1.02	168506.8901
1.03	170158.3023
1.04	171809.7146
1.05	173461.1269
1.06	175112.5392
1.07	176763.9515
1.08	178415.3638
1.09	180066.7761
1.1	181718.1884
1.11	183369.6007
1.12	185021.0129
1.13	186672.4252
1.14	188323.8376
1.15	189975.2498
1.16	191626.6621
1.17	193278.0744
1.18	194929.4867
1.19	196580.899
1.2	198232.3113
1.21	199883.7235
1.22	201535.1359
1.23	203186.5482
1.24	204837.9604
1.25	206489.3727
1.26	208140.785
1.27	209792.1973
1.28	211443.6096
1.29	213095.0219
1.3	214746.4342
1.31	216397.8465
1.32	218049.2588
1.33	219700.671
1.34	221352.0834
1.35	223003.4957
1.36	224654.9079
1.37	226306.3202
1.38	227957.7325
1.39	229609.1448
1.4	231260.5571
1.41	232911.9694
1.42	234563.3817
1.43	236214.794
1.44	237866.2063
1.45	239517.6185
1.46	241169.0309
1.47	242820.4431
1.48	244471.8554
1.49	246123.2677
1.5	247774.68
1.51	249426.0923
1.52	251077.5046
1.53	252728.9169
1.54	254380.3292
1.55	256031.7415
1.56	257683.1537
1.57	259334.566
1.58	260985.9784
1.59	262637.3906
1.6	264288.8029
1.61	265940.2152
1.62	267591.6275
1.63	269243.0398
1.64	270894.4521
1.65	272545.8643
1.66	274197.2767
1.67	275848.689
1.68	277500.1012
1.69	279151.5135
1.7	280802.9258
1.71	282454.3381
1.72	284105.7504
1.73	285757.1627
1.74	287408.575
1.75	289059.9873
1.76	290711.3996
1.77	292362.8118
1.78	294014.2242
1.79	295665.6365
1.8	297317.0487
1.81	298968.461
1.82	300619.8733
1.83	302271.2856
1.84	303922.6979
1.85	305574.1102
1.86	307225.5225
1.87	308876.9348
1.88	310528.3471
1.89	312179.7593
1.9	313831.1717
1.91	315482.5839
1.92	317133.9962
1.93	318785.4085
1.94	320436.8208
1.95	322088.2331
1.96	323739.6454
1.97	325391.0577
1.98	327042.47
1.99	328693.8823
2	330345.2945
2.01	321259.6146
2.02	309212.5745
2.03	295975.2437
2.04	282793.68
2.05	268184.3563
2.06	253144.6691
2.07	235805.2364
2.08	218871.1636
2.09	199945.0473
2.1	179141.2364
2.11	157857.1855
2.12	137473.2655
2.13	113633.6073
2.14	90026.11638
2.15	64224.72002
2.16	39411.94909
2.17	18606.24
2.18	3128.138182
2.19	-5188.32
2.2	-10999.37455
2.21	-14446.8
2.22	-13266.39273
2.23	-11189.12727
2.24	-3236.923637
2.25	9321.119998
2.26	21670.42909
2.27	30584.02909
2.28	34849.76727
2.29	37508.66182
2.3	38194.10182
2.31	37753.92
2.32	36018.65455
2.33	31588.29818
2.34	26095.15636
2.35	19556.18182
2.36	13467.46909
2.37	8881.723636
2.38	5202.850909
2.39	1949.563637
2.4	-737.6727271
2.41	-2352.24
2.42	-3247.330909
2.43	-2242.734546
2.44	-431.4109091
2.45	727.9854548
2.46	1747.243636
2.47	1756.276364
2.48	793.8981818
2.49	757.5054543
2.5	757.4400002
2.51	756.6545457
2.52	1697.825455
2.53	2118.96
2.54	2990.356363
2.55	3755.912727
2.56	3756.109091
2.57	3756.109091
2.58	3775.287273
2.59	3255.905455
2.6	3514.647273
2.61	3739.352727
2.62	4748.4
2.63	5709.010909
2.64	6761.127271
2.65	7757.410911
2.66	8293.810909
2.67	8743.94182
2.68	9766.603638
2.69	9902.225455
2.7	7753.123636
2.71	5604.021818
2.72	5051.847273
2.73	5518.865455
2.74	7098.283634
2.75	15826.77818
2.76	34592.46546
2.77	58770
2.78	88900.29818
2.79	120111.5782
2.8	152501.2363
2.81	191623.8764
2.82	232815.6655
2.83	271319.1054
2.84	301184.8363
2.85	316158.8073
2.86	324695.9127
2.87	330190.4291
2.88	334430.7709
2.89	335377.2436
2.9	330345.2945
2.91	321259.6146
2.92	309212.5745
2.93	295975.2437
2.94	282793.68
2.95	268184.3563
2.96	253144.6691
2.97	235805.2364
2.98	218871.1636
2.99	199945.0473
3	179141.2364
3.01	157857.1855
3.02	137473.2655
3.03	113633.6073
3.04	90026.11638
3.05	64224.72002
3.06	39411.94909
3.07	18606.24
3.08	3128.138182
3.09	-5188.32
3.1	-10999.37455
3.11	-14446.8
3.12	-13266.39273
3.13	-11189.12727
3.14	-3236.923637
3.15	9321.119998
3.16	21670.42909
3.17	30584.02909
3.18	34849.76727
3.19	37508.66182
3.2	38194.10182
3.21	37753.92
3.22	36018.65455
3.23	31588.29818
3.24	26095.15636
3.25	19556.18182
3.26	13467.46909
3.27	8881.723636
3.28	5202.850909
3.29	1949.563637
3.3	-737.6727271
3.31	-2352.24
3.32	-3247.330909
3.33	-2242.734546
3.34	-431.4109091
3.35	727.9854548
3.36	1747.243636
3.37	1756.276364
3.38	793.8981818
3.39	757.5054543
3.4	757.4400002
3.41	756.6545457
3.42	1697.825455
3.43	2118.96
3.44	2990.356363
3.45	3755.912727
3.46	3756.109091
3.47	3756.109091
3.48	3775.287273
3.49	3255.905455
3.5	3514.647273
3.51	3739.352727
3.52	4748.4
3.53	5709.010909
3.54	6761.127271
3.55	7757.410911
3.56	8293.810909
3.57	8743.94182
3.58	9766.603638
3.59	9902.225455
3.6	7753.123636
3.61	5604.021818
3.62	5051.847273
3.63	5518.865455
3.64	7098.283634
3.65	15826.77818
3.66	34592.46546
3.67	58770
3.68	88900.29818
3.69	120111.5782
3.7	152501.2363
3.71	191623.8764
3.72	232815.6655
3.73	271319.1054
3.74	301184.8363
3.75	316158.8073
3.76	324695.9127
3.77	330190.4291
3.78	334430.7709
3.79	335377.2436
3.8	330345.2945
3.81	321259.6146
3.82	309212.5745
3.83	295975.2437
3.84	282793.68
3.85	268184.3563
3.86	253144.6691
3.87	235805.2364
3.88	218871.1636
3.89	199945.0473
3.9	179141.2364
3.91	157857.1855
3.92	137473.2655
3.93	113633.6073
3.94	90026.11638
3.95	64224.72002
3.96	39411.94909
3.97	18606.24
3.98	3128.138182
3.99	-5188.32
4	-10999.37455
4.01	-14446.8
4.02	-13266.39273
4.03	-11189.12727
4.04	-3236.923637
4.05	9321.119998
4.06	21670.42909
4.07	30584.02909
4.08	34849.76727
4.09	37508.66182
4.1	38194.10182
4.11	37753.92
4.12	36018.65455
4.13	31588.29818
4.14	26095.15636
4.15	19556.18182
4.16	13467.46909
4.17	8881.723636
4.18	5202.850909
4.19	1949.563637
4.2	-737.6727271
4.21	-2352.24
4.22	-3247.330909
4.23	-2242.734546
4.24	-431.4109091
4.25	727.9854548
4.26	1747.243636
4.27	1756.276364
4.28	793.8981818
4.29	757.5054543
4.3	757.4400002
4.31	756.6545457
4.32	1697.825455
4.33	2118.96
4.34	2990.356363
4.35	3755.912727
4.36	3756.109091
4.37	3756.109091
4.38	3775.287273
4.39	3255.905455
4.4	3514.647273
4.41	3739.352727
4.42	4748.4
4.43	5709.010909
4.44	6761.127271
4.45	7757.410911
4.46	8293.810909
4.47	8743.94182
4.48	9766.603638
4.49	9902.225455
4.5	7753.123636
4.51	5604.021818
4.52	5051.847273
4.53	5518.865455
4.54	7098.283634
4.55	15826.77818
4.56	34592.46546
4.57	58770
4.58	88900.29818
4.59	120111.5782
4.6	152501.2363
4.61	191623.8764
4.62	232815.6655
4.63	271319.1054
4.64	301184.8363
4.65	316158.8073
4.66	324695.9127
4.67	330190.4291
4.68	334430.7709
4.69	335377.2436
4.7	330345.2945
4.71	321259.6146
4.72	309212.5745
4.73	295975.2437
4.74	282793.68
4.75	268184.3563
4.76	253144.6691
4.77	235805.2364
4.78	218871.1636
4.79	199945.0473
4.8	179141.2364
4.81	157857.1855
4.82	137473.2655
4.83	113633.6073
4.84	90026.11638
4.85	64224.72002
4.86	39411.94909
4.87	18606.24
4.88	3128.138182
4.89	-5188.32
4.9	-10999.37455
4.91	-14446.8
4.92	-13266.39273
4.93	-11189.12727
4.94	-3236.923637
4.95	9321.119998
4.96	21670.42909
4.97	30584.02909
4.98	34849.76727
4.99	37508.66182
5	38194.10182
5.01	37753.92
5.02	36018.65455
5.03	31588.29818
5.04	26095.15636
5.05	19556.18182
5.06	13467.46909
5.07	8881.723636
5.08	5202.850909
5.09	1949.563637
5.1	-737.6727271
5.11	-2352.24
5.12	-3247.330909
5.13	-2242.734546
5.14	-431.4109091
5.15	727.9854548
5.16	1747.243636
5.17	1756.276364
5.18	793.8981818
5.19	757.5054543
5.2	757.4400002
5.21	756.6545457
5.22	1697.825455
5.23	2118.96
5.24	2990.356363
5.25	3755.912727
5.26	3756.109091
5.27	3756.109091
5.28	3775.287273
5.29	3255.905455
5.3	3514.647273
5.31	3739.352727
5.32	4748.4
5.33	5709.010909
5.34	6761.127271
5.35	7757.410911
5.36	8293.810909
5.37	8743.94182
5.38	9766.603638
5.39	9902.225455
5.4	7753.123636