0,100
0.022577227,445.9218692
0.040214654,716.1575177
0.055230822,946.2309793
0.066972136,1126.128061
0.077406261,1285.996755
0.086534572,1425.858144
0.095662883,1565.719534
0.105451668,1715.70053
0.115256966,1865.934516
0.125114551,2016.969637
0.129742002,2087.870127
0.133076023,2138.953056
0.138376333,2220.162895
0.141715858,2271.330153
0.146384589,2342.863119
0.15104644,2414.290672
0.155073959,2475.999187
0.157754386,2517.067922
0.161082903,2568.06652
0.163112487,2599.163227
0.166446508,2650.246155
0.169802546,2701.666404
0.17249398,2742.903799
0.175823873,2793.923479
0.177846577,2824.914773
0.181177847,2875.955537
0.181878225,2886.686536
0.184544892,2927.544445
0.186549708,2958.261666
0.1885559,2988.99997
0.190553836,3019.611778
0.191906433,3040.335888
0.193901617,3070.905532
0.195236326,3091.355569
0.197880977,3131.876159
0.201834193,3192.446218
0.206438252,3262.988306
0.210387341,3323.495117
0.214990024,3394.016122
0.21827451,3444.34008
0.224171999,3534.69973
0.232664603,3664.820999
0.239837633,3774.724138
0.246350189,3874.50767
0.251550052,3954.178486
0.257404885,4043.884578
0.262610251,4123.639724
0.267810114,4203.310539
0.273671827,4293.122044
0.280181631,4392.863412
0.289323701,4532.935626
0.302401101,4733.303827
0.31548538,4933.777441
0.331179911,5174.244582
0.346857929,5414.458732
0.359254214,5604.391089
0.365754386,5703.98488
0.372253182,5803.557587
0.378097007,5893.095019
0.383284486,5972.576092
0.389117303,6061.944864
0.39430203,6141.383772
0.398827657,6210.724156
0.403353285,6280.06454
0.405915377,6319.320179
0.411100103,6398.759087
0.414321293,6448.11325
0.420158239,6537.545269
0.425344341,6617.005259
0.430529068,6696.444167
0.433103543,6735.889549
0.442888201,6885.807297
0.455955968,7086.02792
0.467067079,7256.269211
0.478837289,7436.609025
0.489952528,7606.913563
0.500400413,7766.993082
0.508877881,7896.882443
0.519968352,8066.807496
0.529743378,8216.577667
0.540180255,8376.488526
0.553885105,8586.470353
0.568895769,8816.459485
0.581289302,9006.349677
0.594332301,9206.190815
0.607375301,9406.031954
0.619772962,9595.985394
0.630862057,9765.889364
0.641297558,9925.779141
0.654340557,10125.62028
0.668685243,10345.40547
0.684334365,10585.17689
0.701289302,10844.95561
0.716943928,11084.81136
0.733246646,11334.59697
0.750209838,11594.50219
0.767168903,11854.34416
0.77955418,12044.10786
0.79325903,12254.08968
0.8,12357.37291
0.822577227,12703.29478
0.840214654,12973.53043
0.855230822,13203.60389
0.866972136,13383.50097
0.877406261,13543.36967
0.886534572,13683.23106
0.895662883,13823.09245
0.905451668,13973.07344
0.915256966,14123.30743
0.925114551,14274.34255
0.929742002,14345.24304
0.933076023,14396.32597
0.938376333,14477.53581
0.941715858,14528.70307
0.946384589,14600.23603
0.95104644,14671.66359
0.955073959,14733.3721
0.957754386,14774.44084
0.961082903,14825.43943
0.963112487,14856.53614
0.966446508,14907.61907
0.969802546,14959.03932
0.97249398,15000.27671
0.975823873,15051.29639
0.977846577,15082.28769
0.981177847,15133.32845
0.981878225,15144.05945
0.984544892,15184.91736
0.986549708,15215.63458
0.9885559,15246.37288
0.990553836,15276.98469
0.991906433,15297.7088
0.993901617,15328.27845
0.995236326,15348.72848
0.997880977,15389.24907
1.001834193,15449.81913
1.006438252,15520.36122
1.010387341,15580.86803
1.014990024,15651.38904
1.01827451,15701.71299
1.024171999,15792.07264
1.032664603,15922.19391
1.039837633,15871.8
1.046350189,15800.4
1.051550052,15712.2
1.057404885,15628.2
1.062610251,15556.8
1.067810114,15468.6
1.073671827,15405.6
1.080181631,15325.8
1.089323701,15300.6
1.102401101,15317.4
1.11548538,15355.2
1.131179911,15380.4
1.146857929,15355.2
1.159254214,15288
1.165754386,15178.8
1.172253182,15065.4
1.178097007,14947.8
1.183284486,14821.8
1.189117303,14670.6
1.19430203,14536.2
1.198827657,14385
1.203353285,14233.8
1.205915377,14074.2
1.211100103,13939.8
1.214321293,13797
1.220158239,13658.4
1.225344341,13528.2
1.230529068,13393.8
1.233103543,13272
1.242888201,13213.2
1.255955968,13200.6
1.267067079,13200.6
1.278837289,13217.4
1.289952528,13230
1.300400413,13200.6
1.308877881,13141.8
1.319968352,13078.8
1.329743378,12990.6
1.340180255,12927.6
1.353885105,12864.6
1.368895769,12797.4
1.381289302,12721.8
1.394332301,12633.6
1.407375301,12545.4
1.419772962,12482.4
1.430862057,12415.2
1.441297558,12348
1.454340557,12259.8
1.468685243,12154.8
1.484334365,12041.4
1.501289302,11923.8
1.516943928,11827.2
1.533246646,11713.8
1.550209838,11621.4
1.567168903,11516.4
1.57955418,11415.6
1.59325903,11352.6
1.6,11083.8
1.622577227,11067
1.640214654,11037.6
1.655230822,10987.2
1.666972136,10915.8
1.677406261,10844.4
1.686534572,10777.2
1.695662883,10710
1.705451668,10663.8
1.715256966,10668
1.725114551,10831.8
1.729742002,10991.4
1.733076023,11193
1.738376333,11411.4
1.741715858,11629.8
1.746384589,11915.4
1.75104644,12180
1.755073959,12503.4
1.757754386,12705
1.761082903,12889.8
1.763112487,13099.8
1.766446508,13301.4
1.769802546,13570.2
1.77249398,13805.4
1.775823873,13994.4
1.777846577,14183.4
1.781177847,14376.6
1.781878225,14519.4
1.784544892,14679
1.786549708,14813.4
1.7885559,14952
1.790553836,15065.4
1.791906433,15204
1.793901617,15309
1.795236326,15393
1.797880977,15485.4
1.801834193,15582
1.806438252,15670.2
1.810387341,15754.2
1.814990024,15838.2
1.81827451,15888.6
1.824171999,15934.8
1.832664603,15922.2
1.839837633,15871.8
1.846350189,15800.4
1.851550052,15712.2
1.857404885,15628.2
1.862610251,15556.8
1.867810114,15468.6
1.873671827,15405.6
1.880181631,15325.8
1.889323701,15300.6
1.902401101,15317.4
1.91548538,15355.2
1.931179911,15380.4
1.946857929,15355.2
1.959254214,15288
1.965754386,15178.8
1.972253182,15065.4
1.978097007,14947.8
1.983284486,14821.8
1.989117303,14670.6
1.99430203,14536.2
1.998827657,14385
2.003353285,14233.8
2.005915377,14074.2
2.011100103,13939.8
2.014321293,13797
2.020158239,13658.4
2.025344341,13528.2
2.030529068,13393.8
2.033103543,13272
2.042888201,13213.2
2.055955968,13200.6
2.067067079,13200.6
2.078837289,13217.4
2.089952528,13230
2.100400413,13200.6
2.108877881,13141.8
2.119968352,13078.8
2.129743378,12990.6
2.140180255,12927.6
2.153885105,12864.6
2.168895769,12797.4
2.181289302,12721.8
2.194332301,12633.6
2.207375301,12545.4
2.219772962,12482.4
2.230862057,12415.2
2.241297558,12348
2.254340557,12259.8
2.268685243,12154.8
2.284334365,12041.4
2.301289302,11923.8
2.316943928,11827.2
2.333246646,11713.8
2.350209838,11621.4
2.367168903,11516.4
2.37955418,11415.6
2.39325903,11352.6
2.4,11083.8
